Smearing:  0 
sigma:  [3.8420590627655393, 7.684118125531079, 11.526177188296618, 15.368236251062157, 19.210295313827697, 23.052354376593236] 
Signal:  [2144.35466182 3823.01675561 4851.70299831 5345.13644399 5530.38751866
 5584.81628022] 
Background:  [ 203.52857721  410.23729685  623.37241199  846.31374032 1082.64484487
 1336.22740634]
